256 Victo 11111

11119 99119 111110119 111911111 3111111110 1101019111.
Sustulit 11111 1111111113. 911911111111119 1113119111 111 111111111
91111311 gemitus 91 1111111 11911111 loquuta 9311
111 11991 91 gazas tradas, 91 regna tyranne.
25 11011 1-11111111111 regum donis, 1199 11111119111 3111111113
9111119111 111011113311 dei: 31193 certior 11111 931.
(111119 111111111 1101113 111011111111 1911111019 longo:
1111119 39111101. 1111119 didici: 11011 1111111911 tangere regna.
311111919 (1111111113 1119119 931. 91 perdere uitam.
30 3911 11991 91 flammas 11031 1191119111 31191111 1111119113,
1111 1111111119 potes: primis accepimus 11111113
111111119111 911111 lege (111111111ῑ 1111111 linquere 991111111 931
1111191111111 3119119 1111193. 1111113 (1110(1 1111119 dominaris,
1109 311111111 11019113. 11111119111 1111111119 11111019.
35 931 1111111 11111111119 119113 31193, 9311 1111111 991111 11190111111,
1191· 11119111 111111 311919111 19 11111111111 111119919 110339.
’“··’·”1·09111111 111119. 9091111119 111119113. 19 1113111 rogamus
rex 111111 Antioc-hus. turbataque 9011111 11111191111111,
9011911111 91 31191103 1931111113 1111111119 111111113.
40 miraturque diu 1103311 (1110(1 10911111111 11111111111.
ᾇ”1111193, 1111. 111119 regi, 1111011119 111119 311191193.
1103 famuli 11111919 1111111, 111119 regna 111191111
’[’09111111911 101111911111 1111110. 311911119 furentem
10911111111 1119 cogit. quod 111113 931. foemina 11111911
45» regis 1113311 3111. 3911 11011 11111111119 10911111 931.
11191111111111111 11919111; 3911119111 1111111 1191111111 1111103
1111111 regna 191191. (1110111111 11111 1111111113 11111191111,
1111· 1111111113 1191·9111; 1191911111 319 01111119 91111911,

23 1,·11111111113 10911111 30 111111131193 3311111111(111111111111111-13 37 0119111111 om.
41 1111011111· parv! 11111911119 42 1111111

22 31131111111 2ἓί 91111311 10911111 24 11991911910111. 25> 9111ι111111111· nego
231111111111111 9911911· 25> 91 om. ΞΟ 3119119 31 1111111 11111931 11911-
pimus 232> 111111119 1111111 33 quidquid 1111011 dominaris 34 11111019111
35 911111 37 19 om. 35 11111 1931111111· 111111911111111 11111111111. (v ((1 2'12 ras„
(1 pr. m.) 41 111119 1111193 1111 453 39111111· 45 31113 91 1111111111·
46 1111911111 4< 11919111 119111111 9111191113

