θῦμ’ 1111111131

11113333 1313 genus 31111113 1131111113313 113103.
3031113 131131 peragi. 133131· 11011 1311113 11133311.
3311 1331311 111 1111111 1131131113111 333131313 11311113.
,311 11331· 33311111 1101113113. 3111133 13111 113113 leuata:
3333 3331111113 1111111 11311113 producitur 33133.
1111331 311111113 113111 10113030 11331013. 111113
31 3311113113 1111131 11311113 uestigia 1103111
3333 1113113 11013113. 31 313 131131313 3311113111.
st> 11113111 13111 113131· 1131131. 11131113 111-33331113 33331113.
110113 11131113. 1133131133 11111133 3031311133 1111311113.
regnaque 1133311113 1131111113 habentia tempora 11331111. ‘³³‘
11011 11013111 11031 1313 11111 Rex 1313 1103313.
1313110113 3133 131113 3333113113 cogitur ignis
011 1111111113 103113 331. 13119331113111 1111113 1111101313.
3111113 1110133 11031111 generis 31 33113113 1111133131.
1111· 11111 33311113 131131. regno 11111 3331111 111 13111.
13131133 1113113 cogit. 1331111111 3113131133 31331111.
«1331331111113 11033113 33131303 33111131 igne&
¹4⁸5 13 33331113 3113. 131113 3013113313 1110111111.
3331113 3313, 111303 11311113. 31 13311133 3113111111.
31110131311113 1133111 1131· 11113111 11111 11113 11313131
1131· 31311111. fratrisque 1111 uestigia 33133.
11011 1111011 Rex 131131. 3311 1111011 113113 1111113131 33111.
11111 31331 3131 1110111133 1113113111 311311111111113 31113131.
3011311111. 311133 1111311 11111111 30111311111313 11351331
3031111. 31 111 11113113 3111311133 111311 1111133.
3011311311311113 133333 3111133 3311313313 11313311.
11131131· 111 hoc· 1111111 rigido 311· 013 1031113 3314

<⁸57 11333 11311111 1311133113 1313111113 91 13111331 animos 93 3111111
regit 31333111 1111111311· ,(17 3331111313 ,(19 1113311 100 11111311·

79 31131313111 0⁴0 3111111111 82 1111111031 pectoris 1111133 83 311 «¹1
*¹4 31 313ἶ 1ἰ·11.1 31 1131311· &13 311111311111111· 1111311133 157 regna 11113 11.
1131111113 1131133113 1113 111 mss» 1311111011· 8& 131 isti: 1 ex 3 rasura
snpem'aenv'suersus 8933333113]ηρ 30113133131133 91 13113111 04 1131111111311
111-13111113 s. 1111113 911 nate} 517 3113101313 100 33311111111111· 101 3111111 <
111-1311 ι·01111·11111111·1·1’ 102 vt 1111 111 11111111 ignis 103 3031311333

